Latitude:	30°35'35" North, 
Longitude:	114°18'19" East

Results for: 	July

Inclination of plane:	 0	 deg.
Orientation (azimuth) of plane:	 0	 deg.
Time		G		Gd		Gc		DNI		DNIc		A		Ad		Ac
05:22		34		32		28		27		58		53		23		84
05:37		61		55		56		56		119		113		52		184
05:52		91		77		90		89		189		171		77		283
06:07		123		98		130		120		255		227		100		376
06:22		156		118		174		148		315		278		121		460
06:37		190		136		222		173		369		324		140		534
06:52		224		152		272		196		417		365		158		600
07:07		258		168		323		216		459		401		174		657
07:22		291		182		374		234		498		434		189		707
07:37		323		194		426		250		532		463		201		750
07:52		354		205		477		265		563		489		213		788
08:07		384		215		527		278		590		511		222		820
08:22		412		224		575		289		615		531		231		847
08:37		438		231		622		300		637		547		238		871
08:52		463		237		666		309		657		562		244		890
09:07		486		242		708		317		674		574		248		907
09:22		507		247		747		324		690		584		252		920
09:37		527		250		784		331		703		592		255		931
09:52		544		253		817		336		715		599		257		940
10:07		559		255		846		341		726		604		259		948
10:22		573		257		873		346		735		609		260		953
10:37		584		258		895		349		742		612		260		958
10:52		594		259		915		352		748		615		261		961
11:07		601		259		930		354		753		616		261		964
11:22		607		260		941		356		757		618		261		965
11:37		611		260		949		357		759		619		261		966
11:52		613		260		953		358		760		619		261		967
12:07		613		260		953		358		760		619		261		967
12:22		611		260		949		357		759		619		261		966
12:37		607		260		941		356		757		618		261		965
12:52		601		259		930		354		753		616		261		964
13:07		594		259		915		352		748		615		261		961
13:22		584		258		895		349		742		612		260		958
13:37		573		257		873		346		735		609		260		953
13:52		559		255		846		341		726		604		259		948
14:07		544		253		817		336		715		599		257		940
14:22		527		250		784		331		703		592		255		931
14:37		507		247		747		324		690		584		252		920
14:52		486		242		708		317		674		574		248		907
15:07		463		237		666		309		657		562		244		890
15:22		438		231		622		300		637		547		238		871
15:37		412		224		575		289		615		531		231		847
15:52		384		215		527		278		590		511		222		820
16:07		354		205		477		265		563		489		213		788
16:22		323		194		426		250		532		463		201		750
16:37		291		182		374		234		498		434		189		707
16:52		258		168		323		216		459		401		174		657
17:07		224		152		272		196		417		365		158		600
17:22		190		136		222		173		369		324		140		534
17:37		156		118		174		148		315		278		121		460
17:52		123		98		130		120		255		227		100		376
18:07		91		77		90		89		189		171		77		283
18:22		61		55		56		56		119		113		52		184
18:37		32		32		25		0		0		15		12		11
18:52		8		8		6		0		0		4		3		3

G: Global irradiance on a fixed plane  (W/m2)
Gd: Diffuse irradiance on a fixed plane  (W/m2)
Gc: Global clear-sky irradiance on a fixed plane  (W/m2)
DNI: Direct normal irradiance   (W/m2)
DNIc: Clear-sky direct normal irradiance  (W/m2)
A: Global irradiance on 2-axis tracking plane  (W/m2)
Ad: Diffuse irradiance on 2-axis tracking plane  (W/m2)
Ac: Global clear-sky irradiance on 2-axis tracking plane  (W/m2)

PVGIS (c) European Communities, 2001-2012