Latitude:	30°35'35" North, 
Longitude:	114°18'19" East

Results for: 	October

Inclination of plane:	 0	 deg.
Orientation (azimuth) of plane:	 0	 deg.
Time		G		Gd		Gc		DNI		DNIc		A		Ad		Ac
06:37		43		40		37		49		142		87		35		189
06:52		70		61		71		83		242		152		65		335
07:07		99		80		113		114		334		205		84		453
07:22		129		97		161		141		412		250		102		551
07:37		158		113		211		163		477		289		118		633
07:52		187		128		263		182		531		323		131		701
08:07		214		141		315		198		578		352		144		757
08:22		241		152		367		212		618		377		155		805
08:37		265		162		417		223		652		398		164		845
08:52		288		171		465		234		682		417		173		879
09:07		310		178		512		242		708		433		180		907
09:22		330		185		555		250		730		446		186		930
09:37		348		190		596		257		750		458		191		950
09:52		364		194		633		262		766		468		196		966
10:07		378		198		666		267		781		476		199		979
10:22		390		201		696		271		793		482		202		990
10:37		401		203		722		275		803		487		204		998
10:52		410		205		743		278		811		492		206		1010
11:07		417		206		761		280		817		495		207		1010
11:22		422		207		774		281		822		497		208		1010
11:37		425		208		783		282		825		499		209		1020
11:52		427		208		787		283		827		499		209		1020
12:07		427		208		787		283		827		499		209		1020
12:22		425		208		783		282		825		499		209		1020
12:37		422		207		774		281		822		497		208		1010
12:52		417		206		761		280		817		495		207		1010
13:07		410		205		743		278		811		492		206		1010
13:22		401		203		722		275		803		487		204		998
13:37		390		201		696		271		793		482		202		990
13:52		378		198		666		267		781		476		199		979
14:07		364		194		633		262		766		468		196		966
14:22		348		190		596		257		750		458		191		950
14:37		330		185		555		250		730		446		186		930
14:52		310		178		512		242		708		433		180		907
15:07		288		171		465		234		682		417		173		879
15:22		265		162		417		223		652		398		164		845
15:37		241		152		367		212		618		377		155		805
15:52		214		141		315		198		578		352		144		757
16:07		187		128		263		182		531		323		131		701
16:22		158		113		211		163		477		289		118		633
16:37		129		97		161		141		412		250		102		551
16:52		99		80		113		114		334		205		84		453
17:07		70		61		71		83		242		152		65		335
17:22		43		40		37		49		142		87		35		189
17:37		18		18		12		0		0		8		6		5

G: Global irradiance on a fixed plane  (W/m2)
Gd: Diffuse irradiance on a fixed plane  (W/m2)
Gc: Global clear-sky irradiance on a fixed plane  (W/m2)
DNI: Direct normal irradiance   (W/m2)
DNIc: Clear-sky direct normal irradiance  (W/m2)
A: Global irradiance on 2-axis tracking plane  (W/m2)
Ad: Diffuse irradiance on 2-axis tracking plane  (W/m2)
Ac: Global clear-sky irradiance on 2-axis tracking plane  (W/m2)

PVGIS (c) European Communities, 2001-2012