Latitude:	30°35'35" North, 
Longitude:	114°18'19" East

Results for: 	April

Inclination of plane:	 0	 deg.
Orientation (azimuth) of plane:	 0	 deg.
Time		G		Gd		Gc		DNI		DNIc		A		Ad		Ac
05:52		45		43		35		36		121		74		34		162
06:07		75		68		68		65		215		135		65		303
06:22		106		90		110		93		307		187		88		421
06:37		138		112		158		116		385		233		109		523
06:52		169		131		210		136		452		273		128		608
07:07		200		149		264		154		509		308		145		680
07:22		230		165		320		168		558		339		160		740
07:37		258		179		377		181		600		366		174		791
07:52		286		192		433		192		637		390		187		835
08:07		311		203		488		202		670		411		198		871
08:22		335		213		541		211		698		429		208		902
08:37		357		221		593		218		723		445		216		927
08:52		377		227		642		225		745		458		223		949
09:07		396		233		688		231		764		469		229		966
09:22		413		238		732		236		781		478		234		981
09:37		428		241		772		241		796		486		238		993
09:52		441		244		809		244		809		492		242		1000
10:07		453		246		842		248		820		498		244		1010
10:22		463		248		871		251		830		502		246		1020
10:37		471		249		896		253		838		505		247		1020
10:52		478		249		917		255		844		507		248		1020
11:07		484		250		934		256		849		509		249		1030
11:22		488		250		947		258		853		510		249		1030
11:37		491		250		956		258		855		511		250		1030
11:52		492		250		960		259		857		511		250		1030
12:07		492		250		960		259		857		511		250		1030
12:22		491		250		956		258		855		511		250		1030
12:37		488		250		947		258		853		510		249		1030
12:52		484		250		934		256		849		509		249		1030
13:07		478		249		917		255		844		507		248		1020
13:22		471		249		896		253		838		505		247		1020
13:37		463		248		871		251		830		502		246		1020
13:52		453		246		842		248		820		498		244		1010
14:07		441		244		809		244		809		492		242		1000
14:22		428		241		772		241		796		486		238		993
14:37		413		238		732		236		781		478		234		981
14:52		396		233		688		231		764		469		229		966
15:07		377		227		642		225		745		458		223		949
15:22		357		221		593		218		723		445		216		927
15:37		335		213		541		211		698		429		208		902
15:52		311		203		488		202		670		411		198		871
16:07		286		192		433		192		637		390		187		835
16:22		258		179		377		181		600		366		174		791
16:37		230		165		320		168		558		339		160		740
16:52		200		149		264		154		509		308		145		680
17:07		169		131		210		136		452		273		128		608
17:22		138		112		158		116		385		233		109		523
17:37		106		90		110		93		307		187		88		421
17:52		75		68		68		65		215		135		65		303
18:07		43		43		28		0		0		20		17		13
18:22		17		17		11		0		0		7		6		5

G: Global irradiance on a fixed plane  (W/m2)
Gd: Diffuse irradiance on a fixed plane  (W/m2)
Gc: Global clear-sky irradiance on a fixed plane  (W/m2)
DNI: Direct normal irradiance   (W/m2)
DNIc: Clear-sky direct normal irradiance  (W/m2)
A: Global irradiance on 2-axis tracking plane  (W/m2)
Ad: Diffuse irradiance on 2-axis tracking plane  (W/m2)
Ac: Global clear-sky irradiance on 2-axis tracking plane  (W/m2)

PVGIS (c) European Communities, 2001-2012