Latitude:	30°35'35" North, 
Longitude:	114°18'19" East

Results for: 	August

Inclination of plane:	 0	 deg.
Orientation (azimuth) of plane:	 0	 deg.
Time		G		Gd		Gc		DNI		DNIc		A		Ad		Ac
05:52		56		52		49		44		110		94		46		166
06:07		87		76		84		74		184		151		72		275
06:22		120		99		126		103		256		205		95		375
06:37		153		120		172		128		320		254		117		464
06:52		186		139		221		151		376		298		138		542
07:07		219		157		272		171		427		338		156		610
07:22		252		173		325		189		471		373		173		669
07:37		283		188		378		205		510		404		188		720
07:52		314		201		431		219		545		431		201		763
08:07		342		212		483		231		577		456		213		801
08:22		370		222		533		243		604		477		223		833
08:37		395		231		582		252		629		495		232		860
08:52		419		238		628		261		651		511		240		883
09:07		441		245		672		269		670		524		246		902
09:22		461		250		714		276		687		535		251		918
09:37		479		254		752		282		702		545		256		931
09:52		496		257		786		287		715		552		259		942
10:07		510		260		818		292		727		559		261		950
10:22		523		262		845		296		736		564		263		957
10:37		533		264		869		299		745		568		265		962
10:52		542		265		890		302		751		571		266		966
11:07		549		266		906		304		756		573		267		969
11:22		555		266		918		305		760		575		267		971
11:37		558		266		926		306		763		576		267		973
11:52		560		267		930		307		764		576		267		973
12:07		560		267		930		307		764		576		267		973
12:22		558		266		926		306		763		576		267		973
12:37		555		266		918		305		760		575		267		971
12:52		549		266		906		304		756		573		267		969
13:07		542		265		890		302		751		571		266		966
13:22		533		264		869		299		745		568		265		962
13:37		523		262		845		296		736		564		263		957
13:52		510		260		818		292		727		559		261		950
14:07		496		257		786		287		715		552		259		942
14:22		479		254		752		282		702		545		256		931
14:37		461		250		714		276		687		535		251		918
14:52		441		245		672		269		670		524		246		902
15:07		419		238		628		261		651		511		240		883
15:22		395		231		582		252		629		495		232		860
15:37		370		222		533		243		604		477		223		833
15:52		342		212		483		231		577		456		213		801
16:07		314		201		431		219		545		431		201		763
16:22		283		188		378		205		510		404		188		720
16:37		252		173		325		189		471		373		173		669
16:52		219		157		272		171		427		338		156		610
17:07		186		139		221		151		376		298		138		542
17:22		153		120		172		128		320		254		117		464
17:37		120		99		126		103		256		205		95		375
17:52		87		76		84		74		184		151		72		275
18:07		56		52		49		44		110		94		46		166
18:22		27		27		20		0		0		12		10		9

G: Global irradiance on a fixed plane  (W/m2)
Gd: Diffuse irradiance on a fixed plane  (W/m2)
Gc: Global clear-sky irradiance on a fixed plane  (W/m2)
DNI: Direct normal irradiance   (W/m2)
DNIc: Clear-sky direct normal irradiance  (W/m2)
A: Global irradiance on 2-axis tracking plane  (W/m2)
Ad: Diffuse irradiance on 2-axis tracking plane  (W/m2)
Ac: Global clear-sky irradiance on 2-axis tracking plane  (W/m2)

PVGIS (c) European Communities, 2001-2012