Latitude:	30°35'35" North, 
Longitude:	114°18'19" East

Results for: 	November

Inclination of plane:	 0	 deg.
Orientation (azimuth) of plane:	 0	 deg.
Time		G		Gd		Gc		DNI		DNIc		A		Ad		Ac
07:07		52		46		48		87		218		143		53		286
07:22		80		63		84		128		322		213		80		428
07:37		108		79		127		163		410		267		97		536
07:52		137		94		173		192		483		312		112		624
08:07		166		107		220		215		543		349		125		697
08:22		193		119		268		235		592		381		136		756
08:37		220		130		315		252		635		408		145		806
08:52		245		139		361		266		670		431		154		847
09:07		268		147		406		278		701		451		161		882
09:22		290		154		448		289		727		468		167		911
09:37		310		160		487		298		750		482		172		935
09:52		328		165		523		305		769		494		177		955
10:07		344		169		555		312		785		504		180		971
10:22		358		173		584		317		799		512		183		985
10:37		370		176		609		322		810		519		186		996
10:52		380		178		630		325		819		524		188		1000
11:07		388		180		648		328		827		528		189		1010
11:22		394		181		660		330		832		531		190		1020
11:37		398		182		669		332		835		533		191		1020
11:52		401		182		673		332		837		534		191		1020
12:07		401		182		673		332		837		534		191		1020
12:22		398		182		669		332		835		533		191		1020
12:37		394		181		660		330		832		531		190		1020
12:52		388		180		648		328		827		528		189		1010
13:07		380		178		630		325		819		524		188		1000
13:22		370		176		609		322		810		519		186		996
13:37		358		173		584		317		799		512		183		985
13:52		344		169		555		312		785		504		180		971
14:07		328		165		523		305		769		494		177		955
14:22		310		160		487		298		750		482		172		935
14:37		290		154		448		289		727		468		167		911
14:52		268		147		406		278		701		451		161		882
15:07		245		139		361		266		670		431		154		847
15:22		220		130		315		252		635		408		145		806
15:37		193		119		268		235		592		381		136		756
15:52		166		107		220		215		543		349		125		697
16:07		137		94		173		192		483		312		112		624
16:22		108		79		127		163		410		267		97		536
16:37		80		63		84		128		322		213		80		428
16:52		52		46		48		87		218		143		53		286
17:07		27		27		18		0		0		12		10		8

G: Global irradiance on a fixed plane  (W/m2)
Gd: Diffuse irradiance on a fixed plane  (W/m2)
Gc: Global clear-sky irradiance on a fixed plane  (W/m2)
DNI: Direct normal irradiance   (W/m2)
DNIc: Clear-sky direct normal irradiance  (W/m2)
A: Global irradiance on 2-axis tracking plane  (W/m2)
Ad: Diffuse irradiance on 2-axis tracking plane  (W/m2)
Ac: Global clear-sky irradiance on 2-axis tracking plane  (W/m2)

PVGIS (c) European Communities, 2001-2012