Latitude:	30°35'35" North, 
Longitude:	114°18'19" East

Results for: 	May

Inclination of plane:	 0	 deg.
Orientation (azimuth) of plane:	 0	 deg.
Time		G		Gd		Gc		DNI		DNIc		A		Ad		Ac
05:37		53		50		46		38		110		82		41		162
05:52		82		73		79		64		186		135		66		274
06:07		112		96		119		88		259		184		88		375
06:22		143		116		164		111		325		228		109		465
06:37		174		135		212		131		383		269		129		545
06:52		205		153		263		149		435		305		146		614
07:07		235		169		316		164		481		338		163		673
07:22		264		184		369		178		521		367		178		725
07:37		292		197		422		190		557		392		191		770
07:52		319		209		475		201		589		415		203		808
08:07		344		219		526		211		618		436		214		841
08:22		368		228		576		220		643		453		224		869
08:37		390		235		624		227		666		468		232		892
08:52		410		242		670		234		686		481		239		912
09:07		429		247		713		240		704		493		244		928
09:22		446		251		754		246		720		502		249		942
09:37		462		255		791		251		734		510		253		953
09:52		475		257		825		255		746		516		256		962
10:07		487		259		856		258		757		521		259		969
10:22		498		261		883		261		766		525		260		975
10:37		507		262		907		264		773		528		262		979
10:52		514		263		926		266		779		531		263		982
11:07		520		263		942		268		784		533		263		985
11:22		524		264		954		269		788		534		264		986
11:37		527		264		962		270		790		535		264		987
11:52		528		264		966		270		792		535		264		988
12:07		528		264		966		270		792		535		264		988
12:22		527		264		962		270		790		535		264		987
12:37		524		264		954		269		788		534		264		986
12:52		520		263		942		268		784		533		263		985
13:07		514		263		926		266		779		531		263		982
13:22		507		262		907		264		773		528		262		979
13:37		498		261		883		261		766		525		260		975
13:52		487		259		856		258		757		521		259		969
14:07		475		257		825		255		746		516		256		962
14:22		462		255		791		251		734		510		253		953
14:37		446		251		754		246		720		502		249		942
14:52		429		247		713		240		704		493		244		928
15:07		410		242		670		234		686		481		239		912
15:22		390		235		624		227		666		468		232		892
15:37		368		228		576		220		643		453		224		869
15:52		344		219		526		211		618		436		214		841
16:07		319		209		475		201		589		415		203		808
16:22		292		197		422		190		557		392		191		770
16:37		264		184		369		178		521		367		178		725
16:52		235		169		316		164		481		338		163		673
17:07		205		153		263		149		435		305		146		614
17:22		174		135		212		131		383		269		129		545
17:37		143		116		164		111		325		228		109		465
17:52		112		96		119		88		259		184		88		375
18:07		82		73		79		64		186		135		66		274
18:22		53		50		46		38		110		82		41		162
18:37		25		25		18		0		0		11		9		8

G: Global irradiance on a fixed plane  (W/m2)
Gd: Diffuse irradiance on a fixed plane  (W/m2)
Gc: Global clear-sky irradiance on a fixed plane  (W/m2)
DNI: Direct normal irradiance   (W/m2)
DNIc: Clear-sky direct normal irradiance  (W/m2)
A: Global irradiance on 2-axis tracking plane  (W/m2)
Ad: Diffuse irradiance on 2-axis tracking plane  (W/m2)
Ac: Global clear-sky irradiance on 2-axis tracking plane  (W/m2)

PVGIS (c) European Communities, 2001-2012