Latitude:	30°35'35" North, 
Longitude:	114°18'19" East

Results for: 	June

Inclination of plane:	 0	 deg.
Orientation (azimuth) of plane:	 0	 deg.
Time		G		Gd		Gc		DNI		DNIc		A		Ad		Ac
05:22		45		43		38		30		88		65		32		128
05:37		73		66		67		53		158		116		58		236
05:52		101		88		104		77		230		164		80		335
06:07		131		109		145		100		295		208		101		426
06:22		161		128		191		119		354		248		120		506
06:37		191		146		239		137		406		285		138		577
06:52		220		162		290		153		453		317		155		639
07:07		249		177		341		166		494		347		170		693
07:22		277		191		393		179		531		374		184		739
07:37		303		203		445		190		564		398		197		780
07:52		329		214		496		200		594		419		208		815
08:07		353		223		546		209		621		437		218		845
08:22		375		232		594		217		644		454		227		870
08:37		396		239		640		224		666		468		235		891
08:52		415		244		685		230		684		480		241		909
09:07		433		249		726		236		701		490		247		924
09:22		449		253		765		241		716		499		251		937
09:37		463		256		801		246		729		506		255		947
09:52		476		259		834		249		741		512		258		955
10:07		488		261		864		253		751		516		260		961
10:22		497		262		890		256		759		520		261		967
10:37		506		263		912		258		767		523		263		970
10:52		513		264		931		260		773		525		264		973
11:07		518		264		946		262		777		527		264		976
11:22		522		264		958		263		781		528		264		977
11:37		525		265		966		264		783		529		265		978
11:52		526		265		969		264		784		529		265		978
12:07		526		265		969		264		784		529		265		978
12:22		525		265		966		264		783		529		265		978
12:37		522		264		958		263		781		528		264		977
12:52		518		264		946		262		777		527		264		976
13:07		513		264		931		260		773		525		264		973
13:22		506		263		912		258		767		523		263		970
13:37		497		262		890		256		759		520		261		967
13:52		488		261		864		253		751		516		260		961
14:07		476		259		834		249		741		512		258		955
14:22		463		256		801		246		729		506		255		947
14:37		449		253		765		241		716		499		251		937
14:52		433		249		726		236		701		490		247		924
15:07		415		244		685		230		684		480		241		909
15:22		396		239		640		224		666		468		235		891
15:37		375		232		594		217		644		454		227		870
15:52		353		223		546		209		621		437		218		845
16:07		329		214		496		200		594		419		208		815
16:22		303		203		445		190		564		398		197		780
16:37		277		191		393		179		531		374		184		739
16:52		249		177		341		166		494		347		170		693
17:07		220		162		290		153		453		317		155		639
17:22		191		146		239		137		406		285		138		577
17:37		161		128		191		119		354		248		120		506
17:52		131		109		145		100		295		208		101		426
18:07		101		88		104		77		230		164		80		335
18:22		73		66		67		53		158		116		58		236
18:37		45		43		38		30		88		65		32		128
18:52		19		19		14		0		0		8		7		6

G: Global irradiance on a fixed plane  (W/m2)
Gd: Diffuse irradiance on a fixed plane  (W/m2)
Gc: Global clear-sky irradiance on a fixed plane  (W/m2)
DNI: Direct normal irradiance   (W/m2)
DNIc: Clear-sky direct normal irradiance  (W/m2)
A: Global irradiance on 2-axis tracking plane  (W/m2)
Ad: Diffuse irradiance on 2-axis tracking plane  (W/m2)
Ac: Global clear-sky irradiance on 2-axis tracking plane  (W/m2)

PVGIS (c) European Communities, 2001-2012