Latitude:	30°35'35" North, 
Longitude:	114°18'19" East

Results for: 	March

Inclination of plane:	 0	 deg.
Orientation (azimuth) of plane:	 0	 deg.
Time		G		Gd		Gc		DNI		DNIc		A		Ad		Ac
06:22		51		48		41		46		151		91		41		203
06:37		81		71		77		78		252		155		72		349
06:52		112		93		122		106		345		207		93		467
07:07		144		113		171		130		422		252		113		566
07:22		175		132		224		151		487		290		131		648
07:37		205		148		279		168		542		324		146		716
07:52		234		163		334		182		590		353		161		774
08:07		261		176		389		195		630		379		173		822
08:22		287		187		443		205		665		401		184		862
08:37		311		197		495		215		696		420		194		896
08:52		334		206		546		223		722		437		203		924
09:07		354		213		593		230		745		451		210		948
09:22		373		219		638		236		766		463		216		968
09:37		389		224		679		242		783		473		222		984
09:52		404		228		717		247		798		481		226		997
10:07		417		231		751		251		811		488		229		1010
10:22		429		234		781		254		822		494		232		1020
10:37		438		236		808		257		831		498		234		1020
10:52		446		237		830		259		839		501		236		1030
11:07		453		238		847		261		845		504		237		1030
11:22		457		239		861		262		849		506		238		1040
11:37		461		239		870		263		852		507		238		1040
11:52		462		240		874		264		853		508		239		1040
12:07		462		240		874		264		853		508		239		1040
12:22		461		239		870		263		852		507		238		1040
12:37		457		239		861		262		849		506		238		1040
12:52		453		238		847		261		845		504		237		1030
13:07		446		237		830		259		839		501		236		1030
13:22		438		236		808		257		831		498		234		1020
13:37		429		234		781		254		822		494		232		1020
13:52		417		231		751		251		811		488		229		1010
14:07		404		228		717		247		798		481		226		997
14:22		389		224		679		242		783		473		222		984
14:37		373		219		638		236		766		463		216		968
14:52		354		213		593		230		745		451		210		948
15:07		334		206		546		223		722		437		203		924
15:22		311		197		495		215		696		420		194		896
15:37		287		187		443		205		665		401		184		862
15:52		261		176		389		195		630		379		173		822
16:07		234		163		334		182		590		353		161		774
16:22		205		148		279		168		542		324		146		716
16:37		175		132		224		151		487		290		131		648
16:52		144		113		171		130		422		252		113		566
17:07		112		93		122		106		345		207		93		467
17:22		81		71		77		78		252		155		72		349
17:37		51		48		41		46		151		91		41		203
17:52		22		22		14		0		0		10		8		6

G: Global irradiance on a fixed plane  (W/m2)
Gd: Diffuse irradiance on a fixed plane  (W/m2)
Gc: Global clear-sky irradiance on a fixed plane  (W/m2)
DNI: Direct normal irradiance   (W/m2)
DNIc: Clear-sky direct normal irradiance  (W/m2)
A: Global irradiance on 2-axis tracking plane  (W/m2)
Ad: Diffuse irradiance on 2-axis tracking plane  (W/m2)
Ac: Global clear-sky irradiance on 2-axis tracking plane  (W/m2)

PVGIS (c) European Communities, 2001-2012