Latitude:	30°35'35" North, 
Longitude:	114°18'19" East

Results for: 	December

Inclination of plane:	 0	 deg.
Orientation (azimuth) of plane:	 0	 deg.
Time		G		Gd		Gc		DNI		DNIc		A		Ad		Ac
07:22		52		45		52		89		266		144		52		343
07:37		76		60		88		124		370		202		73		480
07:52		100		73		130		152		456		245		87		583
08:07		124		86		174		176		526		281		98		666
08:22		148		97		220		195		583		312		109		733
08:37		171		107		265		211		631		337		118		789
08:52		193		116		309		224		671		359		125		834
09:07		213		124		352		235		704		377		132		872
09:22		232		130		393		245		733		393		138		904
09:37		249		136		431		253		757		407		143		931
09:52		264		141		466		260		778		418		148		953
10:07		278		146		497		266		795		428		152		971
10:22		291		149		526		270		810		436		155		986
10:37		301		152		550		274		822		442		157		998
10:52		310		154		571		278		832		447		159		1010
11:07		317		156		588		280		839		451		161		1010
11:22		322		157		600		282		845		454		162		1020
11:37		325		158		609		283		848		456		163		1020
11:52		327		159		613		284		850		457		163		1030
12:07		327		159		613		284		850		457		163		1030
12:22		325		158		609		283		848		456		163		1020
12:37		322		157		600		282		845		454		162		1020
12:52		317		156		588		280		839		451		161		1010
13:07		310		154		571		278		832		447		159		1010
13:22		301		152		550		274		822		442		157		998
13:37		291		149		526		270		810		436		155		986
13:52		278		146		497		266		795		428		152		971
14:07		264		141		466		260		778		418		148		953
14:22		249		136		431		253		757		407		143		931
14:37		232		130		393		245		733		393		138		904
14:52		213		124		352		235		704		377		132		872
15:07		193		116		309		224		671		359		125		834
15:22		171		107		265		211		631		337		118		789
15:37		148		97		220		195		583		312		109		733
15:52		124		86		174		176		526		281		98		666
16:07		100		73		130		152		456		245		87		583
16:22		76		60		88		124		370		202		73		480
16:37		52		45		52		89		266		144		52		343
16:52		28		28		20		0		0		13		11		9

G: Global irradiance on a fixed plane  (W/m2)
Gd: Diffuse irradiance on a fixed plane  (W/m2)
Gc: Global clear-sky irradiance on a fixed plane  (W/m2)
DNI: Direct normal irradiance   (W/m2)
DNIc: Clear-sky direct normal irradiance  (W/m2)
A: Global irradiance on 2-axis tracking plane  (W/m2)
Ad: Diffuse irradiance on 2-axis tracking plane  (W/m2)
Ac: Global clear-sky irradiance on 2-axis tracking plane  (W/m2)

PVGIS (c) European Communities, 2001-2012