Latitude:	30°35'35" North, 
Longitude:	114°18'19" East

Results for: 	September

Inclination of plane:	 0	 deg.
Orientation (azimuth) of plane:	 0	 deg.
Time		G		Gd		Gc		DNI		DNIc		A		Ad		Ac
06:22		68		61		62		68		170		133		61		248
06:37		100		84		102		102		256		194		86		364
06:52		134		105		148		132		333		248		108		466
07:07		167		124		197		158		398		295		128		553
07:22		201		142		250		181		455		337		146		627
07:37		234		158		303		200		504		373		162		690
07:52		265		172		357		217		547		405		176		743
08:07		296		185		411		232		584		432		189		789
08:22		324		196		463		245		617		456		200		827
08:37		351		205		514		256		645		477		210		860
08:52		376		214		562		266		671		495		218		887
09:07		400		221		608		275		693		510		224		910
09:22		421		226		652		282		712		522		230		929
09:37		440		231		692		289		729		533		235		945
09:52		458		235		728		295		744		542		238		957
10:07		473		238		761		300		756		549		241		968
10:22		486		241		790		304		767		555		244		976
10:37		498		243		816		308		776		560		245		983
10:52		507		244		837		311		783		563		247		988
11:07		515		245		854		313		789		566		247		992
11:22		520		246		867		315		793		568		248		994
11:37		524		246		876		316		796		569		248		996
11:52		526		246		880		316		797		570		249		997
12:07		526		246		880		316		797		570		249		997
12:22		524		246		876		316		796		569		248		996
12:37		520		246		867		315		793		568		248		994
12:52		515		245		854		313		789		566		247		992
13:07		507		244		837		311		783		563		247		988
13:22		498		243		816		308		776		560		245		983
13:37		486		241		790		304		767		555		244		976
13:52		473		238		761		300		756		549		241		968
14:07		458		235		728		295		744		542		238		957
14:22		440		231		692		289		729		533		235		945
14:37		421		226		652		282		712		522		230		929
14:52		400		221		608		275		693		510		224		910
15:07		376		214		562		266		671		495		218		887
15:22		351		205		514		256		645		477		210		860
15:37		324		196		463		245		617		456		200		827
15:52		296		185		411		232		584		432		189		789
16:07		265		172		357		217		547		405		176		743
16:22		234		158		303		200		504		373		162		690
16:37		201		142		250		181		455		337		146		627
16:52		167		124		197		158		398		295		128		553
17:07		134		105		148		132		333		248		108		466
17:22		100		84		102		102		256		194		86		364
17:37		68		61		62		68		170		133		61		248
17:52		36		36		26		0		0		16		14		12

G: Global irradiance on a fixed plane  (W/m2)
Gd: Diffuse irradiance on a fixed plane  (W/m2)
Gc: Global clear-sky irradiance on a fixed plane  (W/m2)
DNI: Direct normal irradiance   (W/m2)
DNIc: Clear-sky direct normal irradiance  (W/m2)
A: Global irradiance on 2-axis tracking plane  (W/m2)
Ad: Diffuse irradiance on 2-axis tracking plane  (W/m2)
Ac: Global clear-sky irradiance on 2-axis tracking plane  (W/m2)

PVGIS (c) European Communities, 2001-2012