Latitude:	30°35'35" North, 
Longitude:	114°18'19" East

Results for: 	January

Inclination of plane:	 0	 deg.
Orientation (azimuth) of plane:	 0	 deg.
Time		G		Gd		Gc		DNI		DNIc		A		Ad		Ac
07:07		40		37		36		57		201		94		34		252
07:22		62		53		68		88		311		154		61		411
07:37		86		68		109		116		409		197		75		528
07:52		110		82		153		139		489		234		88		624
08:07		133		95		200		158		554		265		100		701
08:22		156		106		248		173		607		291		110		764
08:37		177		116		295		186		652		313		119		815
08:52		198		125		340		196		690		332		127		858
09:07		216		133		384		205		722		349		134		894
09:22		234		140		426		213		749		363		140		924
09:37		250		145		465		220		772		375		145		949
09:52		264		150		501		225		792		385		150		970
10:07		276		154		533		230		808		393		154		987
10:22		287		158		562		234		822		401		157		1000
10:37		297		161		587		237		834		406		160		1010
10:52		305		163		609		240		843		411		162		1020
11:07		311		165		626		242		851		415		163		1030
11:22		316		166		639		244		856		417		165		1030
11:37		319		167		647		245		860		419		165		1040
11:52		320		167		652		245		861		420		166		1040
12:07		320		167		652		245		861		420		166		1040
12:22		319		167		647		245		860		419		165		1040
12:37		316		166		639		244		856		417		165		1030
12:52		311		165		626		242		851		415		163		1030
13:07		305		163		609		240		843		411		162		1020
13:22		297		161		587		237		834		406		160		1010
13:37		287		158		562		234		822		401		157		1000
13:52		276		154		533		230		808		393		154		987
14:07		264		150		501		225		792		385		150		970
14:22		250		145		465		220		772		375		145		949
14:37		234		140		426		213		749		363		140		924
14:52		216		133		384		205		722		349		134		894
15:07		198		125		340		196		690		332		127		858
15:22		177		116		295		186		652		313		119		815
15:37		156		106		248		173		607		291		110		764
15:52		133		95		200		158		554		265		100		701
16:07		110		82		153		139		489		234		88		624
16:22		86		68		109		116		409		197		75		528
16:37		62		53		68		88		311		154		61		411
16:52		37		37		25		0		0		17		14		11
17:07		19		19		13		0		0		8		7		6

G: Global irradiance on a fixed plane  (W/m2)
Gd: Diffuse irradiance on a fixed plane  (W/m2)
Gc: Global clear-sky irradiance on a fixed plane  (W/m2)
DNI: Direct normal irradiance   (W/m2)
DNIc: Clear-sky direct normal irradiance  (W/m2)
A: Global irradiance on 2-axis tracking plane  (W/m2)
Ad: Diffuse irradiance on 2-axis tracking plane  (W/m2)
Ac: Global clear-sky irradiance on 2-axis tracking plane  (W/m2)

PVGIS (c) European Communities, 2001-2012