Latitude:	30°35'35" North, 
Longitude:	114°18'19" East

Results for: 	February

Inclination of plane:	 0	 deg.
Orientation (azimuth) of plane:	 0	 deg.
Time		G		Gd		Gc		DNI		DNIc		A		Ad		Ac
06:52		51		46		49		60		233		108		44		304
07:07		76		64		88		89		343		160		66		452
07:22		101		80		134		113		436		201		82		564
07:37		126		95		184		132		511		235		95		655
07:52		151		109		235		148		573		264		107		729
08:07		174		121		288		162		624		289		118		789
08:22		197		132		340		173		667		310		128		839
08:37		218		141		391		182		704		329		137		881
08:52		237		149		440		191		735		345		145		915
09:07		255		156		487		198		762		359		152		944
09:22		272		162		531		204		786		371		157		968
09:37		286		168		572		209		805		381		163		988
09:52		300		172		610		213		823		389		167		1000
10:07		311		175		644		217		837		396		171		1020
10:22		322		178		674		220		849		402		174		1030
10:37		330		180		700		223		859		407		176		1040
10:52		337		182		722		225		868		411		178		1040
11:07		343		184		740		227		874		414		180		1050
11:22		347		185		753		228		879		416		181		1050
11:37		350		185		762		229		882		417		181		1060
11:52		352		185		767		229		884		418		182		1060
12:07		352		185		767		229		884		418		182		1060
12:22		350		185		762		229		882		417		181		1060
12:37		347		185		753		228		879		416		181		1050
12:52		343		184		740		227		874		414		180		1050
13:07		337		182		722		225		868		411		178		1040
13:22		330		180		700		223		859		407		176		1040
13:37		322		178		674		220		849		402		174		1030
13:52		311		175		644		217		837		396		171		1020
14:07		300		172		610		213		823		389		167		1000
14:22		286		168		572		209		805		381		163		988
14:37		272		162		531		204		786		371		157		968
14:52		255		156		487		198		762		359		152		944
15:07		237		149		440		191		735		345		145		915
15:22		218		141		391		182		704		329		137		881
15:37		197		132		340		173		667		310		128		839
15:52		174		121		288		162		624		289		118		789
16:07		151		109		235		148		573		264		107		729
16:22		126		95		184		132		511		235		95		655
16:37		101		80		134		113		436		201		82		564
16:52		76		64		88		89		343		160		66		452
17:07		51		46		49		60		233		108		44		304
17:22		26		26		18		0		0		12		10		8

G: Global irradiance on a fixed plane  (W/m2)
Gd: Diffuse irradiance on a fixed plane  (W/m2)
Gc: Global clear-sky irradiance on a fixed plane  (W/m2)
DNI: Direct normal irradiance   (W/m2)
DNIc: Clear-sky direct normal irradiance  (W/m2)
A: Global irradiance on 2-axis tracking plane  (W/m2)
Ad: Diffuse irradiance on 2-axis tracking plane  (W/m2)
Ac: Global clear-sky irradiance on 2-axis tracking plane  (W/m2)

PVGIS (c) European Communities, 2001-2012